pub_date	title	venue	excerpt	citation	url_slug	paper_url
2024-12-23	B-STaR: Monitoring and Balancing Exploration and Exploitation in Self-Taught Reasoners	ICLR 2025	This paper identifies and proposes methods to monitor two pivotal factors in iterative self-improving methods: the model's ability to generate sufficiently diverse responses (exploration) and the effectiveness of external rewards in distinguishing high-quality candidates (exploitation).	Weihao Zeng, Yuzhen Huang, Lulu Zhao, Yijun Wang, Zifei Shan, Junxian He. (2024). "B-STaR: Monitoring and Balancing Exploration and Exploitation in Self-Taught Reasoners." <i>ICLR 2025</i>.	bstar-exploration-exploitation	https://arxiv.org/abs/2412.17256
2025-03-24	SimpleRL-Zoo: Investigating and Taming Zero Reinforcement Learning for Open Base Models in the Wild	arXiv preprint	This work investigates zero RL training across 10 diverse base models, spanning different families and sizes, and shares key designs that enable successful zero RL training along with findings and practices for the research community.	Weihao Zeng, Yuzhen Huang, Qian Liu, Wei Liu, Keqing He, Zejun Ma, Junxian He. (2025). "SimpleRL-Zoo: Investigating and Taming Zero Reinforcement Learning for Open Base Models in the Wild." <i>arXiv preprint arXiv:2503.18892</i>.	simplerl-zoo-zero-rl	https://arxiv.org/abs/2503.18892